supplier	sampleID	totalPairQC	spikeInMappedReads	totalPairNoSpikein	totalMappedReads	concordantlyOneMappedPair	concordantlyMultiMappedPair	discordantlyMappedPair	matesOneMappedReads	matesMultiMappedReads
AZC3J	AZC3J1d1	5568914	20682	5558040	7904585	2699637	38481	1111767	134994	69821
AZC3J	AZC3J1d10	5823646	134022	5755616	9727255	3204792	64158	1488627	99388	112713
AZC3J	AZC3J1d11	5351857	42170	5329960	9085334	3084734	51411	1286436	151327	88845
AZC3J	AZC3J1d12	1957900	9708	1952721	3199773	1042849	19873	485036	65318	38939
AZC3J	AZC3J1d2	4563205	15695	4554804	7653541	2739348	50564	936928	121751	78110
AZC3J	AZC3J1d3	1311367	3403	1309507	2099035	700873	14705	295252	48881	28494
AZC3J	AZC3J1d4	7179285	63195	7146847	12756884	3754528	64008	2414837	127218	162920
AZC3J	AZC3J1d5	3686116	10976	3680202	5833159	1971175	38220	815318	112661	71072
AZC3J	AZC3J1d6	1095856	2450	1094514	1776880	588470	12204	257742	36631	23417
AZC3J	AZC3J1d7	6868425	57035	6838784	11490994	3875325	65274	1673185	149260	114166
AZC3J	AZC3J1d8	4035179	26990	4021122	5942849	1937853	30233	916697	114666	58617
AZC3J	AZC3J1d9	1156350	3759	1154308	1962756	647532	11784	293348	35603	21825
AZC3J	AZC3J2d1	3932518	18866	3922631	6528536	2220365	35654	910834	129402	65428
AZC3J	AZC3J2d10	5528718	114025	5470782	9223674	3199182	60550	1239495	128572	96648
AZC3J	AZC3J2d11	3489132	9796	3483676	5211620	1754989	45169	704288	122534	80194
AZC3J	AZC3J2d12	5434147	27521	5419633	9163874	3143439	52471	1274088	137730	86148
AZC3J	AZC3J2d2	3007798	3627	3005592	4375288	1314369	30971	718291	169449	78577
AZC3J	AZC3J2d3	7114584	26399	7100697	12205376	4119013	62279	1771896	184427	114573
AZC3J	AZC3J2d4	5416404	76807	5377475	9103371	2491558	41037	1922548	71813	121272
AZC3J	AZC3J2d5	3901099	11551	3894835	6282241	2092825	43655	891461	144633	81726
AZC3J	AZC3J2d6	4201228	10698	4195443	7055512	2361430	37263	1029063	129170	70830
AZC3J	AZC3J2d7	8680950	110206	8624529	14572139	5087356	93594	1930814	202282	146329
AZC3J	AZC3J2d8	4376934	45736	4353205	7518920	2464147	39483	1146795	143011	75059
AZC3J	AZC3J2d9	3054019	11437	3047797	5028740	1637963	33501	755689	108433	66001
AZC3J	AZC3J3d1	5290928	24015	5278356	8874782	3013545	40894	1264607	164048	72642
AZC3J	AZC3J3d10	6366094	110847	6309658	11077699	3859419	64466	1510362	113739	95466
AZC3J	AZC3J3d11	5636367	44016	5613560	9701156	3284573	53516	1389100	152929	93849
AZC3J	AZC3J3d12	5465191	24342	5452239	9090378	3098536	59824	1260224	150852	102358
AZC3J	AZC3J3d2	5855084	34613	5837150	9826930	3250104	54689	1489401	132769	105773
AZC3J	AZC3J3d3	7837076	84629	7793947	13721879	4598665	75856	2056155	122752	137775
AZC3J	AZC3J3d4	7449293	91045	7402930	13292881	4542468	70124	1900430	145639	121198
AZC3J	AZC3J3d5	4614374	28210	4599685	7575005	2551006	42593	1098482	111207	79636
AZC3J	AZC3J3d6	5681305	20853	5670291	8983061	3080763	54359	1229753	156943	96368
AZC3J	AZC3J3d7	6519752	78130	6479282	10748888	3683317	62928	1480966	186510	107956
AZC3J	AZC3J3d8	5489936	52997	5462297	9580255	3273608	51859	1349179	146526	84437
AZC3J	AZC3J3d9	2674489	3551	2672272	3829670	1142565	28557	640921	134369	71215
AZC3J	AZC3J4d1	4209102	17884	4199635	6976889	2350069	40052	993777	133702	75391
AZC3J	AZC3J4d10	5587657	86544	5543460	8883037	3054383	66389	1191786	149588	108333
AZC3J	AZC3J4d11	5163981	48332	5138977	8085091	2695500	45652	1186547	146342	83351
AZC3J	AZC3J4d12	5500689	15094	5492256	8575735	2745469	56014	1332341	193082	115005
AZC3J	AZC3J4d2	4253724	12922	4246782	6865723	2309720	34337	985093	142426	64997
AZC3J	AZC3J4d3	6496807	19578	6486291	11351879	3833007	54132	1624799	229099	98904
AZC3J	AZC3J4d4	5850512	39350	5830232	10308476	3569848	51627	1425575	129764	84612
AZC3J	AZC3J4d5	3106233	16898	3097404	5151260	1755417	30118	716751	91235	55453
AZC3J	AZC3J4d6	4723778	14231	4716145	7585646	2553461	42857	1075483	161675	80369
AZC3J	AZC3J4d7	3578307	25862	3564617	5594379	1786492	31254	883998	125389	65502
AZC3J	AZC3J4d8	5463649	73395	5426057	8955878	3161439	57355	1152833	125685	86939
AZC3J	AZC3J4d9	2545785	3607	2543532	3650082	1082912	30086	609588	130822	74088
AZC5T	AZC5T1d1	4406558	27971	4391982	6187435	2172839	26987	803197	122271	59118
AZC5T	AZC5T1d10	6247375	115317	6188770	9699491	3466280	48643	1227326	131718	83275
AZC5T	AZC5T1d11	2001735	19195	1991884	2865589	987009	15457	390280	49142	30955
AZC5T	AZC5T1d12	1617491	3969	1615294	2485328	451146	8142	743360	22887	57145
AZC5T	AZC5T1d2	899710	2478	898374	1117145	377209	4314	158194	26932	10779
AZC5T	AZC5T1d3	3108604	8247	3104108	4688625	1561870	19517	689995	97386	48475
AZC5T	AZC5T1d4	7327362	44145	7304422	10795255	3712617	50042	1480618	199285	109416
AZC5T	AZC5T1d5	554107	983	553556	760588	253517	3200	110531	18377	7715
AZC5T	AZC5T1d6	2781792	8518	2777229	4288428	554934	9295	1501032	45323	112583
AZC5T	AZC5T1d7	4894632	27138	4880252	7102770	2336772	34270	1054341	174838	77166
AZC5T	AZC5T1d8	1674043	10900	1668351	2396682	810302	11372	339447	49687	24753
AZC5T	AZC5T1d9	2608949	3742	2606638	3469766	1093446	23167	537192	108172	53984
AZC5T	AZC5T2d1	5000384	19927	4989855	7431653	2595090	29174	976402	165315	65006
AZC5T	AZC5T2d10	6444434	103548	6391742	10101360	3607405	50416	1275155	149105	86303
AZC5T	AZC5T2d11	6091798	58062	6062148	8662446	3088014	41523	1104304	121096	73668
AZC5T	AZC5T2d12	4788792	9745	4783244	6566684	2445633	52497	692215	110908	75086
AZC5T	AZC5T2d2	5908703	32113	5892145	6747425	2373688	28721	880761	120716	60369
AZC5T	AZC5T2d3	2478434	7851	2474278	3895201	1312672	15485	567364	65429	38730
AZC5T	AZC5T2d4	7417350	55722	7388609	11177185	3906588	51408	1483945	185620	107683
AZC5T	AZC5T2d5	2643368	2805	2641601	3566915	1198048	24279	484766	99301	53428
AZC5T	AZC5T2d6	5427398	23817	5414965	8402392	2930390	35955	1128306	137992	75098
AZC5T	AZC5T2d7	3619569	14537	3611692	5322780	1682164	22766	852096	149683	59045
AZC5T	AZC5T2d8	4600082	26285	4586285	6364284	2125745	28422	930180	132715	62875
AZC5T	AZC5T2d9	3921446	12549	3914611	5617493	1873603	29977	810573	125598	63589
AZC5T	AZC5T3d1	6709739	24646	6696675	9097327	2804250	44216	1540242	187355	132556
AZC5T	AZC5T3d10	7822312	191661	7725546	11992684	3833373	64540	1971130	113576	141022
AZC5T	AZC5T3d11	6310994	124253	6248136	9882416	3456506	55547	1334626	95696	93362
AZC5T	AZC5T3d12	5001846	16979	4992603	7135894	2403476	49612	984439	163961	96879
AZC5T	AZC5T3d2	5292032	16156	5283336	7055404	2420421	32053	954567	171489	69833
AZC5T	AZC5T3d3	4198114	15998	4189695	6549970	2225579	26275	940465	103948	61384
AZC5T	AZC5T3d4	7443816	51358	7417148	10650301	3499628	58833	1585710	222063	139896
AZC5T	AZC5T3d5	3649870	10123	3644240	5216151	1775641	37457	687725	140088	74417
AZC5T	AZC5T3d6	5971901	64556	5939044	8556637	2770254	40208	1369743	95834	100393
AZC5T	AZC5T3d7	6418921	119577	6358112	9629254	3346427	54239	1304317	122244	97044
AZC5T	AZC5T3d8	3276393	3799	3273937	4383389	1401765	27357	665246	132545	62108
AZC5T	AZC5T3d9	4861264	46409	4837357	6764655	2333466	41821	901073	135456	76479
AZC5T	AZC5T4d1	4963983	16627	4955180	6638258	2271647	26639	918782	142633	61489
AZC5T	AZC5T4d10	5469431	76871	5430319	8180078	2811549	37999	1143834	116535	76779
AZC5T	AZC5T4d11	3883461	7362	3879168	5286835	1736526	24021	784389	139422	57541
AZC5T	AZC5T4d12	3576517	10064	3570962	5294289	1799799	21901	748531	106779	47048
AZC5T	AZC5T4d2	3735867	3789	3733486	4926328	1711196	24896	631229	137544	54142
AZC5T	AZC5T4d3	3873614	13784	3866279	5683649	1960939	25080	770762	113957	56130
AZC5T	AZC5T4d4	6147090	40409	6126115	9113279	3133001	38278	1245138	191555	88890
AZC5T	AZC5T4d5	2994046	4486	2991407	3661947	1222506	18754	505336	122009	46746
AZC5T	AZC5T4d6	3769669	8372	3765115	4721846	1610544	19715	652428	110853	45619
AZC5T	AZC5T4d7	6683387	110051	6627361	9377044	3363464	44416	1167627	146878	79152
AZC5T	AZC5T4d8	3618459	7113	3614233	4111812	1311631	22064	622283	144599	55257
AZC5T	AZC5T4d9	2766441	6709	2762622	3309718	1017854	16903	534305	123929	47665
AZC7E	AZC7E1d1	1038504	2167	1037322	1456559	486380	13206	197141	36187	26918
AZC7E	AZC7E1d10	1878654	40837	1858006	2173970	732257	18575	300759	37194	33594
AZC7E	AZC7E1d11	7036552	66013	7002656	9453728	3207729	85141	1252375	206176	157062
AZC7E	AZC7E1d12	5715134	65909	5681373	7998696	2678250	70200	1087368	193356	133704
AZC7E	AZC7E1d2	4980308	13352	4973115	7067436	2360329	68276	947078	180030	136040
AZC7E	AZC7E1d3	3158929	7736	3154765	4373847	1487112	40311	567592	105012	78805
AZC7E	AZC7E1d4	1488010	6523	1484574	2181459	723560	19234	299552	56796	39971
AZC7E	AZC7E1d5	5118836	6245	5115044	4371028	1461410	51359	552408	139254	101420
AZC7E	AZC7E1d6	4560040	12083	4553516	5626117	1913387	49993	728485	147171	95216
AZC7E	AZC7E1d7	2281858	61530	2250810	3178357	1087225	31601	420285	47282	52853
AZC7E	AZC7E1d8	6398649	53629	6370845	7718615	2607143	65643	1028728	192685	122902
AZC7E	AZC7E1d9	3746378	14882	3738223	5007103	1641042	40851	709885	140195	83352
AZC7E	AZC7E2d1	3958316	5720	3955143	4329558	1407558	31107	627503	127442	69780
AZC7E	AZC7E2d10	5481369	84282	5438355	7599093	2616328	69026	976180	158039	117986
AZC7E	AZC7E2d11	3692851	24439	3680036	3445918	1136639	30713	469977	109197	62063
AZC7E	AZC7E2d12	2776634	4270	2774086	3346447	1100852	28746	469333	91588	56997
AZC7E	AZC7E2d2	4795428	19195	4785338	6377384	2152429	51068	848000	170677	103713
AZC7E	AZC7E2d3	3214136	7995	3209801	4822506	1644046	40168	623711	128210	78446
AZC7E	AZC7E2d4	6592383	35686	6573792	9971635	3348907	86376	1344586	239075	172822
AZC7E	AZC7E2d5	4811992	16339	4803268	6033243	2020889	50700	819676	146999	103714
AZC7E	AZC7E2d6	3671802	6664	3668115	4865557	1724728	41483	575100	111150	71785
AZC7E	AZC7E2d7	3319331	9042	3314228	3048784	941724	20231	476605	118918	52746
AZC7E	AZC7E2d8	3263568	8435	3258817	3362774	1037449	23063	531043	120761	58903
AZC7E	AZC7E2d9	2647352	7710	2643001	2755689	874700	19880	415347	90071	45764
AZC7E	AZC7E3d1	7414966	61900	7383241	10419974	3570230	89513	1353414	223993	169667
AZC7E	AZC7E3d10	6194036	98103	6144022	7754541	2652863	85230	981785	177844	136941
AZC7E	AZC7E3d11	5542424	50830	5516198	7635272	2545261	76446	1031103	192977	136675
AZC7E	AZC7E3d12	3401520	9771	3396172	4655279	1581904	63951	580114	104516	98825
AZC7E	AZC7E3d2	6039263	30916	6023033	8377838	2817770	66483	1124339	225852	134802
AZC7E	AZC7E3d3	3231865	10705	3226169	4914894	1654177	41291	660232	120743	82751
AZC7E	AZC7E3d4	8930500	66834	8896252	13637307	4705398	126079	1755148	235998	228059
AZC7E	AZC7E3d5	5619016	18118	5609227	6182431	2134284	49900	774446	167955	97216
AZC7E	AZC7E3d6	5162909	24415	5150161	6284245	2143915	52870	812418	163078	102761
AZC7E	AZC7E3d7	8342262	115478	8283240	11168854	3879259	97974	1402475	239683	169755
AZC7E	AZC7E3d8	4387306	15967	4378608	5141653	1612459	39169	787931	172062	90473
AZC7E	AZC7E3d9	3658525	11941	3651873	3659496	1184294	37840	509776	122550	73126
AZC7E	AZC7E4d1	3342695	4634	3339942	4254636	1652477	49367	359975	74796	56202
AZC7E	AZC7E4d10	6078631	122758	6016194	8532703	2922469	81085	1098937	190735	136986
AZC7E	AZC7E4d11	4114184	12497	4107177	3929438	1296574	54012	502894	132161	90317
AZC7E	AZC7E4d12	2302008	3456	2299876	2325909	744400	28650	325352	77305	51800
AZC7E	AZC7E4d2	4500440	15345	4492237	6504483	2171180	57766	871079	188705	115728
AZC7E	AZC7E4d3	4228009	31756	4211654	6441261	2098633	67610	915085	141841	136764
AZC7E	AZC7E4d4	6991338	37608	6971820	10980099	3679707	104084	1481876	245893	202872
AZC7E	AZC7E4d5	3148930	3305	3146834	3919154	1284477	76148	495714	87225	119251
AZC7E	AZC7E4d6	4257719	11400	4251565	5784847	1933932	63823	759087	154173	116990
AZC7E	AZC7E4d7	5789221	45439	5765636	7830032	3010194	96078	698902	115194	104490
AZC7E	AZC7E4d8	5317818	18513	5307925	7890669	2556581	71072	1135383	220018	144579
AZC7E	AZC7E4d9	2102035	2660	2100321	1940940	563205	23392	310667	91022	55390
AZC9C	AZC9C1d1	4342059	16458	4332998	5564856	1907078	19836	771893	124786	42456
AZC9C	AZC9C1d10	7425204	140848	7353718	10308497	3588843	53170	1383479	163684	93829
AZC9C	AZC9C1d11	7036794	44612	7013283	10709566	3692282	52399	1476891	175071	91351
AZC9C	AZC9C1d12	972901	3619	970972	1459505	487517	6922	215197	26883	13350
AZC9C	AZC9C1d2	5285122	19304	5274558	6226729	2107606	26282	852073	193004	61803
AZC9C	AZC9C1d3	409812	717	409382	458720	158661	2356	59252	12750	5432
AZC9C	AZC9C1d4	5893517	52586	5866590	8646916	2558227	34905	1623874	113747	99157
AZC9C	AZC9C1d5	5267580	13651	5260201	7482956	2545361	33738	1055635	144998	68490
AZC9C	AZC9C1d6	1560958	5229	1558158	2175676	747970	9908	299533	41361	19493
AZC9C	AZC9C1d7	9023561	153859	8945282	12683739	4356561	66640	1781896	160467	113078
AZC9C	AZC9C1d8	5403503	45531	5379691	7665348	2528584	34361	1144568	178348	71974
AZC9C	AZC9C1d9	1949285	18142	1939820	2984128	1016133	13236	425897	48853	24743
AZC9C	AZC9C2d1	5214488	35254	5196213	5984794	2093079	20885	791256	131597	42757
AZC9C	AZC9C2d10	6023774	99591	5973187	8759684	3061381	45702	1165049	136856	78564
AZC9C	AZC9C2d11	5371654	18607	5361728	8324592	2854433	43193	1154782	143156	76620
AZC9C	AZC9C2d12	3711361	25981	3697938	5708205	1916696	26450	830369	109497	51678
AZC9C	AZC9C2d2	6372298	35249	6353660	7796688	2737662	29572	997434	207908	59444
AZC9C	AZC9C2d3	3466659	19741	3456376	4149776	1358011	15232	636142	93253	37753
AZC9C	AZC9C2d4	4242763	42708	4220947	5206382	1738600	25187	751453	118291	57611
AZC9C	AZC9C2d5	5916751	22413	5904873	7180052	2507982	34069	929973	170380	65624
AZC9C	AZC9C2d6	2469831	3289	2467863	2649860	854791	15805	381235	105275	40923
AZC9C	AZC9C2d7	5693285	40619	5672007	8612213	2912228	39446	1235239	164627	73760
AZC9C	AZC9C2d8	4907274	22216	4895443	7074975	2288517	33865	1087931	179060	75289
AZC9C	AZC9C2d9	4008271	22701	3996252	5769089	1875700	28107	880336	140550	60253
AZC9C	AZC9C3d1	4938468	12841	4931394	4854431	1630946	15942	679984	157407	43280
AZC9C	AZC9C3d10	5747737	49521	5722074	8252747	2830617	40275	1139095	160231	72542
AZC9C	AZC9C3d11	8567429	99799	8516373	12928695	4470715	68502	1767957	198495	115852
AZC9C	AZC9C3d12	5497900	23906	5485167	7481914	2556610	38731	1031718	153722	74074
AZC9C	AZC9C3d2	46124	211	46011	31388	9379	175	4986	1787	521
AZC9C	AZC9C3d3	4376951	39788	4356555	5455437	1699830	21719	927980	95664	60715
AZC9C	AZC9C3d4	5441935	49244	5416655	7364236	2470103	34039	1070492	141006	73962
AZC9C	AZC9C3d5	3965184	7654	3960928	5413765	1816353	27805	781022	103854	59551
AZC9C	AZC9C3d6	6109136	37726	6089600	9381892	3257772	44719	1272938	150235	80799
AZC9C	AZC9C3d7	3916788	7086	3912676	5281670	1612843	25115	887193	168901	62467
AZC9C	AZC9C3d8	4521266	11649	4514636	6182735	1972313	30560	977080	155524	67305
AZC9C	AZC9C3d9	3719775	16134	3711044	5460902	1741486	24564	873955	126742	54150
AZC9C	AZC9C4d1	3698823	5097	3695712	3570454	1186097	19506	485271	137454	51252
AZC9C	AZC9C4d10	6234354	127868	6169544	9152355	3209409	46690	1223025	116787	77320
AZC9C	AZC9C4d11	4411763	9711	4406030	4787498	1542503	26622	721317	144192	62422
AZC9C	AZC9C4d12	1089910	2380	1088550	1196944	273946	6295	296379	16614	27090
AZC9C	AZC9C4d2	5866486	36510	5847050	6865682	2383934	23118	914063	172200	51252
AZC9C	AZC9C4d3	4180108	37611	4160786	5602787	1797454	20877	917137	79229	52622
AZC9C	AZC9C4d4	5020729	68936	4985756	7649914	2462349	32031	1254157	80951	71889
AZC9C	AZC9C4d5	3562063	8323	3557425	4332084	1480923	22458	576628	121742	50324
AZC9C	AZC9C4d6	5617402	21332	5606163	8649379	3300260	45814	899242	94816	63931
AZC9C	AZC9C4d7	4631207	41462	4609804	6991842	2382854	32331	987868	125214	60522
AZC9C	AZC9C4d8	5553729	38664	5533443	8493879	2852872	37542	1242374	154578	73725
AZC9C	AZC9C4d9	5251284	64136	5218326	8146750	2690972	38237	1258112	100935	71173
